5 10
12234 84334 90345 55234 3145 98765 87654 23654 347865 123
12345 54321 97531 76853 98765 98765 87654 23654 347865 123
76 89 34 21 22 98765 87654 23654 347865 123
-98 90 -123 -765 0 98765 87654 23654 347865 123
234 457 7865 435 1 98765 87654 23654 347865 123
12234 84334 90345 55234 3145 98765 87654 23654 347865 123
12345 54321 97531 76853 98765 98765 87654 23654 347865 123
76 89 34 21 22 98765 87654 23654 347865 123
-98 90 -123 -765 0 98765 87654 23654 347865 123
234 457 7865 435 1 98765 87654 23654 347865 123